# Config

environments <- c(21,22,23,24,25,26)
rotations <- c(0, 90, 180, 270)
conditions <- c(1,2,3,4)
