# defineVars

environments <- c(3,5,6,7,8,9,10,11)
rotations <- c(0, 90, 180, 270)
conditions <- c(1,2,3,4)

